0.000000	1.000000
0.500020	2.000000
0.900140	3.000000
0.900250	4.000000
1.300260	5.000000
1.300370	6.000000
1.300470	7.000000
1.300580	8.000000
1.700380	9.000000
1.700490	10.000000
1.700590	11.000000
1.700590	10.000000
1.700700	11.000000
1.700700	10.000000
1.700810	11.000000
1.700810	10.000000
1.700910	11.000000
1.700910	10.000000
1.701020	11.000000
1.701020	10.000000
1.701130	11.000000
1.701130	10.000000
2.400120	11.000000
2.400120	10.000000
2.400230	11.000000
2.400230	10.000000
2.400330	11.000000
2.400330	10.000000
2.400440	11.000000
2.400440	10.000000
2.400550	11.000000
2.400550	10.000000
2.400680	11.000000
2.400680	10.000000
2.400820	11.000000
2.400820	10.000000
2.400940	11.000000
2.400940	10.000000
2.401040	11.000000
2.401040	10.000000
2.401160	11.000000
2.401160	10.000000
2.800240	11.000000
2.800240	10.000000
2.800350	11.000000
2.800350	10.000000
2.800450	11.000000
2.800450	10.000000
2.800560	11.000000
2.800560	10.000000
2.800670	11.000000
2.800670	10.000000
2.800800	11.000000
2.800800	10.000000
2.800940	11.000000
2.800940	10.000000
2.801060	11.000000
2.801060	10.000000
2.801160	11.000000
2.801160	10.000000
2.801280	11.000000
2.801280	10.000000
3.200360	11.000000
3.200360	10.000000
3.200470	11.000000
3.200470	10.000000
3.200570	11.000000
3.200570	10.000000
3.200680	11.000000
3.200680	10.000000
3.200790	11.000000
3.200790	10.000000
3.200920	11.000000
3.200920	10.000000
3.201060	11.000000
3.201060	10.000000
3.201180	11.000000
3.201180	10.000000
3.201280	11.000000
3.201280	10.000000
3.201400	11.000000
3.201400	10.000000
3.751400	1.000000
