0.000000	1.000000
0.600020	2.000000
1.000140	3.000000
1.000250	4.000000
1.400260	5.000000
1.400370	6.000000
1.400470	7.000000
1.400580	8.000000
1.800380	9.000000
1.800490	10.000000
1.800590	11.000000
1.800700	12.000000
1.800810	13.000000
1.800910	14.000000
1.801020	15.000000
1.801130	16.000000
2.201350	17.000000
2.201350	18.000000
2.201360	19.000000
2.201370	20.000000
2.201380	20.050000
2.201380	20.100000
2.201390	20.150000
2.201400	20.199000
2.201410	20.249000
2.201460	20.298000
2.201570	20.347000
2.201670	20.397000
2.201780	20.446000
2.201890	20.494000
2.201990	20.543000
2.202100	20.592000
2.900120	20.641000
2.900230	20.689000
2.900330	20.737000
2.900440	20.786000
2.900550	20.834000
2.900650	20.882000
2.900760	20.930000
2.900870	20.977000
2.900970	21.025000
2.901080	21.073000
2.901190	21.120000
2.901290	21.167000
2.901400	21.215000
2.901510	21.262000
2.901610	21.309000
2.901720	21.356000
2.901830	21.403000
2.901930	21.449000
2.902040	21.496000
2.902150	21.542000
3.300240	21.589000
3.300350	21.635000
3.300450	21.681000
3.300560	21.727000
3.300670	21.773000
3.300770	21.819000
3.300880	21.865000
3.300990	21.911000
3.301090	21.957000
3.301200	22.002000
3.301310	22.048000
3.301410	22.093000
3.301520	22.138000
3.301630	22.183000
3.301730	22.228000
3.301840	22.273000
3.301950	22.318000
3.302050	22.363000
3.302160	22.408000
3.302260	22.453000
3.700360	22.497000
3.700470	22.542000
3.700570	22.586000
3.700680	22.630000
3.700790	22.674000
3.700890	22.718000
3.701000	22.762000
3.701110	22.806000
3.701210	22.850000
3.701320	22.894000
3.701430	22.938000
3.701530	22.981000
3.701640	23.025000
3.701750	23.068000
3.701850	23.112000
3.701960	23.155000
3.702060	23.198000
3.702170	23.241000
3.702280	23.284000
3.702380	23.327000
4.100480	23.370000
4.100590	23.413000
4.100690	23.455000
4.100800	23.498000
4.100910	23.541000
4.101010	23.583000
4.101120	23.626000
4.101230	23.668000
4.101330	23.710000
4.101440	23.752000
4.101550	23.794000
4.101650	23.836000
4.101760	23.878000
4.101860	23.920000
4.101970	23.962000
4.102080	24.004000
4.102180	24.045000
4.102290	24.087000
4.102400	24.129000
4.102500	24.170000
4.592500	1.000000
